cateti:
34 cm

Misure distanza specchio (bisogna togliere 111cm) cm:
120, 121, 121.6, 122, 123, 124, 125, 126, 127, 128, 129, 130, 131, 132, 133, 134, 135, 136, 137, 138, 139, 
segnale V (pm 0.02V):
2.09, 1.67, 1.57, 1.54, 1.80, 2.05, 1.93, 1.79, 1.86, 1.96, 1.81, 1.83, 1.88, 1.83, 1.88, 1.83, 1.87, 1.83, 1.87, 1.88, 1.86, 

coppie:
(120, 2.09), (121, 1.67), (121.6, 1.57), (122, 1.54), (123, 1.80), (124, 2.05), (125, 1.93), (126, 1.79), (127, 1.86), (128, 1.96), (129, 1.81), (130, 1.83), (131, 1.88), (132, 1.83), (133, 1.88), (134, 1.83), (135, 1.87), (136, 1.83), (137, 1.87), (138, 1.88), (139, 1.86)
